d = [
# Fix print output for fix 55
0.635619426217794,
0.610398259517651,
0.590223972042511,
0.578104574562005,
0.568464623466396,
0.561169084450917,
0.554658949848857,
0.547967267079082,
0.54111719987511,
0.534690750946487,
0.5287017052711,
0.523828887058762,
0.519175539594182,
0.515078949372914,
0.51225091752033,
0.509936802530922,
0.506980148230611,
0.503756997721454,
0.500641353279893,
0.498057204898463,
0.495707370151263,
0.493795599923017,
0.493064101526569,
0.492291322656923,
0.490825558664356,
0.489064993941005,
0.488427101702514,
0.488387118310994,
0.488341832176672,
0.488569610026572,
0.489522101729371,
0.489782243914315,
0.490911277512071,
0.494013975301039,
0.497541937994264,
0.500935034982,
0.504151934358869,
0.507283125801536,
0.510280824660692,
0.513325503292818,
0.515434197407448,
0.515546059504685,
0.514128898233926,
0.510978112382384,
0.50622152585354,
0.501986745642154,
0.49911244926392,
0.496587290644393,
0.494838279767789,
0.494232196287335,
0.494719020016145,
0.496139964438232,
0.499421480946192,
0.503894548590531,
0.508933759237649,
0.514939390861178,
0.520697266472284,
0.524416198450459,
0.527642801229413,
0.531743212285242,
0.53614003750974,
0.539508812532462,
0.542675424360944,
0.546287957007393,
0.549125110812354,
0.551454507273813,
0.552243876755646,
0.551951353171467,
0.551431738367154,
0.551407369471555,
0.553406566063929,
0.557231463254122,
0.56122740353711,
0.563894691873902,
0.564781623635205,
0.565011758638865,
0.565652827774311,
0.56560939635148,
0.564863140757095,
0.564269527594155,
0.563980427991225,
0.563073181202197,
0.562854707918996,
0.564108001598152,
0.566022904091087,
0.568131539078027,
0.570254146136967,
0.57230441495662,
0.574689300737485,
0.576415670311231,
0.577247262991288,
0.5778537256714,
0.578729369376208,
0.580125481632898,
0.581355361124277,
0.582524768192796,
0.583517438437824,
0.583992977215569,
0.58467689111311,
0.584963003219024,
0.584677061674775,
0.584326922969625,
0.584774485388893,
0.586803958541981,
0.589742081329103,
0.59281248451441,
0.595713419505207,
0.598435673350285,
0.601108306469276,
0.602198441675445,
0.601799918874413,
0.601119718915796,
0.599878188609754,
0.59845852972697,
0.598115040640311,
0.598295041599635,
0.598323176393959,
0.599183578200635,
0.599778776748807,
0.60094090483439,
0.602971775547023,
0.606283387065041,
0.609877842581649,
0.611282929524471,
0.610625284301836,
0.609065285834812,
0.608591810182606,
0.608801599236802,
0.609137870865344,
0.608555902779839,
0.608310009374148,
0.608103183981062,
0.607990393374981,
0.608976562660783,
0.6100881413431,
0.61174057907263,
0.613806226129729,
0.616340976163813,
0.619445704708262,
0.622150967622228,
0.623817831548718,
0.624475657516574,
0.625139175579243,
0.625826196845792,
0.626105972742405,
0.626549859816654,
0.625646829115945,
0.62386447647053,
0.62178262219834,
0.619627882663225,
0.616963365485905,
0.613289049042948,
0.609313336179312,
0.606596932949061,
0.604836263358529,
0.604168618501971,
0.604089590936209,
0.604831216712466,
0.606010880662288,
0.608423702538125,
0.612849969237443,
0.618153821680556,
0.624416115752382,
0.6308706257607,
0.634910279571973,
0.63723230348906,
0.638199200678499,
0.638444867293061,
0.637788258068708,
0.635543143954009,
0.632967470507598,
0.628582858908042,
0.62407555150204,
0.62001900978659,
0.617202582796893,
0.615847871420257,
0.615346575789143,
0.617087013733866,
0.619679899466682,
0.621751784439668,
0.622488501028247,
0.623520678102489,
0.625692415206956,
0.628468218205193,
0.630938288595921,
0.632777910811465,
0.633933745835163,
0.63481410882606,
0.634781897200264,
0.633705771413439,
0.631980644117808,
0.630018754144055,
0.627697642678962,
0.625685714721441,
0.624614533369967,
0.62435888467841,
0.624461508067519,
0.625327813732707,
0.627016498007593,
0.628528270816788,
0.631023838548215,
0.634368293561753,
0.638592179757177,
0.643398246464185,
0.648960831353027,
0.653436935233601,
0.656865366105629,
0.658799699079845,
0.658388823535881,
0.655448740534879,
0.650996396024865,
0.645292448837701,
0.637871104287813,
0.631535510115949,
0.626670145212848,
0.622811564650257,
0.620886098458212,
0.61901715212573,
0.618719009417715,
0.619871249457899,
0.622806904673185,
0.624941388040007,
0.626119684756879,
0.627714217073282,
0.627991682435116,
0.627773569050021,
0.627883296464289,
0.627644150221043,
0.62721846358159,
0.62628049974267,
0.626336560401417,
0.62707749658146,
0.627700379815445,
0.628280143852938,
0.628232158788778,
0.628425520038432,
0.629980586952104,
0.631750380561836,
0.63338250671592,
0.634567572057012,
0.635603068245314,
0.635791491369644,
0.636163478841253,
0.636813990138907,
0.636570865310943,
0.634385709982983,
0.631509927006563,
0.62973413106773,
0.630016177666902,
0.632136278285559,
0.635919662378317,
0.639944951337256,
0.643909011223625,
0.64844012900715,
0.653991448966313,
0.658973945309669,
0.663339529421995,
0.666226262222487,
0.665278834126934,
0.663186053435483,
0.660173395461861,
0.655974701928555,
0.652400939379166,
0.649511093820111,
0.646450142101883,
0.643327086368051,
0.64118943206119,
0.641187215157818,
0.64343963544248,
0.646512277119425,
0.650021210801406,
0.653430321020887,
0.655563813328226,
0.656903684760646,
0.656896591783472,
0.656481546071693,
0.655735349897652,
0.655544222345083,
0.655607905208196,
0.656694867560972,
0.656715946976552,
0.655568955034466,
0.653496819075326,
0.651957784826411,
0.651755027144557,
0.653247508919747,
0.655000132085709,
0.657317249565161,
0.66097270424516,
0.665429098071552,
0.667915308741711,
0.667570565180315,
0.665530640790833,
0.663568712890923,
0.661254104422131,
0.658118382032759,
0.655369916447644,
0.653258165235812,
0.652649101459488,
0.653711114814157,
0.656719333757705,
0.661615594899175,
0.666876489792808,
0.670910553561552,
0.672472645518784,
0.672317722726893,
0.670728775080285,
0.668163984616283,
0.665565902972705,
0.663948572158316,
0.661889885422466,
0.65924997642624,
0.658167544569332,
0.658855967103618,
0.658766470439607,
0.658039001288048,
0.658138003116602,
0.659156583115485,
0.661914808248411,
0.66537847266704,
0.670078962047295,
0.674989237929658,
0.679426653127576,
0.682695262542681,
0.683486055243236,
0.681366704038667,
0.676801642972603,
0.670772034223863,
0.664692635252564,
0.660089770179164,
0.657232716842456,
0.654040653347379,
0.651789634475711,
0.65153492370636,
0.65165627712614,
0.652136386489204,
0.653942118377212,
0.65613840519299,
0.658833598142548,
0.6603638250373,
0.659837258112101,
0.659087056355569,
0.658980609528836,
0.657680705223021,
0.654824757941366,
0.653080830980469,
0.653955475347879,
0.658258905923059,
0.662609535772053,
0.666607413743483,
0.668876636104377,
0.670573566385198,
0.67153511081175,
0.671681169848579,
0.670593781025236,
0.669102727341421,
0.667152041080379,
0.666930374485052,
0.66736426579987,
0.667125604456966,
0.666764673844504,
0.666055339870667,
0.665257960948971,
0.66443702796914,
0.66445194692385,
0.664476307929045,
0.664333386345146,
0.664288799843481,
0.664797680575095,
0.666845317129046,
0.671220359266511,
0.675404133296795,
0.678958996789362,
0.681995275420164,
0.683877906344907,
0.684905357979759,
0.684843828896339,
0.684084940521323,
0.682529497086076,
0.678890616091393,
0.675018732671139,
0.671471085311223,
0.667610780922172,
0.665119210998801,
0.664793471173208,
0.665918123274539,
0.667970260155366,
0.670095296527934,
0.672419004062162,
0.674780454181685,
0.677122981408768,
0.678817475150257,
0.680400167863187,
0.681817620979888,
0.681829904409561,
0.681592785594267,
0.681919544526007,
0.683165594605587,
0.68450866680955,
0.685434208501922,
0.686238827489435,
0.686449229979188,
0.684691527950872,
0.680550437381106,
0.674814560459051,
0.668887023593925,
0.663339306638176,
0.659065142997583,
0.657209998889865,
0.657066365501787,
0.657801868700614,
0.659712379724793,
0.661890057545926,
0.665085075831428,
0.668755222623225,
0.671957209304828,
0.674409865288558,
0.677210301007727,
0.679488807374001,
0.678969977013075,
0.67757601989944,
0.675105582969399,
0.672471845844062,
0.670465959280823,
0.668126397546434,
0.665964561150571,
0.664595305288953,
0.664281816687356,
0.664905812295782,
0.666506743492106,
0.668911799982664,
0.670362907346682,
0.67055978934896,
0.670010720262788,
0.668645248369558,
0.666952606614949,
0.665318097935333,
0.663611803932656,
0.66179299912072,
0.660620161180492,
0.659967589361314,
0.658503360701601,
0.657363915211349,
0.655925878902751,
0.654181538768353,
0.651389589710167,
0.64812253054457,
0.645774118733004,
0.644195988055709,
0.644087516431547,
0.644079024999605,
0.643298349297859,
0.643154321842048,
0.644796961838273,
0.647713753040365,
0.651117538224146,
0.653051445170723,
0.653166222719622,
0.652580685421074,
0.650987198967205,
0.650873085367851,
0.65172081571397,
0.654566648234353,
0.657145347301175,
0.657374257012341,
0.656914169520201,
0.656473377308506,
0.657408838126033,
0.658077003303686,
0.658013565178147,
0.657716505412748,
0.656439690318415,
0.654820246466974,
0.653202495045318,
0.651513398974146,
0.649773049255308,
0.649609693864642,
0.651312241077969,
0.654572238585186,
0.658930486203736,
0.662757450130679,
0.665506254590893,
0.66647829574006,
0.667528563358074,
0.669922913539249,
0.673442282674995,
0.677260130414004,
0.677691340693844,
0.673690826341255,
0.669158912896263,
0.664394646183173,
0.659044949241206,
0.653523969803379,
0.649070700370689,
0.644135401344933,
0.639235837166479,
0.63474464310061,
0.631915459088922,
0.630947833993424,
0.630373905586553,
0.631171533321135,
0.634289426857424,
0.639086062482927,
0.643591869411056,
0.646809627246229,
0.64946361125243,
0.649443511197443,
0.647125487710828,
0.645230850446536,
0.642820295159425,
0.640796157297272,
0.639860125418521,
0.639686647820937,
0.640808951617833,
0.642693090865568,
0.645049189168254,
0.647006803318372,
0.648985332963463,
0.650961777131302,
0.652079909478162,
0.654306399909655,
0.655329066500264,
0.655953595813934,
0.656228254222043,
0.656140852235321,
0.656355550698932,
0.654286843955923,
0.650492467912402,
0.646578512794397,
0.643542590467689,
0.642161111949415,
0.642609121042828,
0.643833884301321,
0.645130229989004,
0.646885630814363,
0.647950860376631,
0.649122707399388,
0.649991236771687,
0.650508758778258,
0.649773573679132,
0.649739355096262,
0.650897841584967,
0.653267018388065,
0.655929869777226,
0.657824048325136,
0.657768949011214,
0.655558473582818,
0.652834252888831,
0.650745679670228,
0.649958551896664,
0.649872875073468,
0.651520020233657,
0.653887305246325,
0.657852369605521,
0.661340126226989,
0.663196824863832,
0.66519552779897,
0.666890016539026,
0.667885183183047,
0.668578179679077,
0.669882540543102,
0.671870132156163,
0.672830674161521,
0.67311358284358,
0.670550848747649,
0.666444694412071,
0.661562528429797,
0.6567286305274,
0.651525242340258,
0.647804991774448,
0.647368913605906,
0.648029381339307,
0.650055567343109,
0.653179769102039,
0.656845886387735,
0.658868273302367,
0.659249541836313,
0.66064726021997,
0.662042421509516,
0.663377845369434,
0.66371737843923,
0.663258282218035,
0.663503595085192,
0.665217473952655,
0.667168791858357,
0.668365397402553,
0.668799497974474,
0.668775772383096,
0.670714058797169,
0.673464702695284,
0.67639876865308,
0.679641881925306,
0.682492009081464,
0.684723202560113,
0.686688063689614,
0.688251665779468,
0.687579573608923,
0.685396469782674,
0.682859866876782,
0.681007037556465,
0.680539410303213,
0.680710009255753,
0.681769341634027,
0.682375798463906,
0.682529551704061,
0.680915332910414,
0.676589448254637,
0.671758290448691,
0.668474395886947,
0.666620926044803,
0.666379298858128,
0.668450959404754,
0.671258547792332,
0.673827407482298,
0.67629581499802,
0.679169583712678,
0.681904310114436,
0.682880584162248,
0.681121239027353,
0.677852397753377,
0.674929211983046,
0.670496719118587,
0.666387129560542,
0.662675158517744,
0.659402701369938,
0.657879290530881,
0.657775539054063,
0.659370101269935,
0.661917578305553,
0.666083162224584,
0.669995706477488,
0.672558859323248,
0.674058828632929,
0.672969725186058,
0.670653871903031,
0.667461769535318,
0.66442888105755,
0.662547672832584,
0.660665571094581,
0.658892283502065,
0.65732665778956,
0.657100193847399,
0.657660007583514,
0.658440734247612,
0.659178064758625,
0.66001267521943,
0.660844315738914,
0.661543432775454,
0.662902740239351,
0.665147609122404,
0.667952517109903,
0.670158989796423,
0.669695390823688,
0.66870605315519,
0.667635724752813,
0.667480365939062,
0.667881003803024,
0.668498505234677,
0.668128777663871,
0.665491124896041,
0.662346974853603,
0.659636134085557,
0.657898715519761,
0.657975416733618,
0.658953782499071,
0.660062788866426,
0.662082050964272,
0.664113126243656,
0.666323315669456,
0.668505611790087,
0.66955469039786,
0.668481274504853,
0.66634323018373,
0.663159601713703,
0.660722736918044,
0.659233198983434,
0.660084349553169,
0.663103753085045,
0.666170437656774,
0.67024383177914,
0.673300161463945,
0.675830971929788,
0.676812898879383,
0.674371862457591,
0.66878789094318,
0.662592862391357,
0.658032110068677,
0.654592523302279,
0.653865694513141,
0.655636138381148,
0.657253465622786,
0.65892549779927,
0.66292021844197,
0.666904758294343,
0.670170397479913,
0.67262015560917,
0.674113617234979,
0.675177462176631,
0.67644078203706,
0.676827702932385,
0.676816216271654,
0.676271881044452,
0.675738873000723,
0.673989880774544,
0.672693258386096,
0.671896185469507,
0.669337403092713,
0.665907744956408,
0.663205638470876,
0.660958881808469,
0.658349942788291,
0.654194393835331,
0.649268790713866,
0.646453482354573,
0.646205943556552,
0.648684548742959,
0.653289577332639,
0.657814824244896,
0.661053273089703,
0.663367497340531,
0.66484759588373,
0.66416755887429,
0.66270817485436,
0.662665122395025,
0.663259004380715,
0.665411313009754,
0.66787054572848,
0.669158862626889,
0.668635774189677,
0.667759140756698,
0.665750627100507,
0.66327471605838,
0.662933226719432,
0.664103350061923,
0.664820749716021,
0.666359545429569,
0.668873873730408,
0.671812066782752,
0.675452352137511,
0.678848568075995,
0.682102907066229,
0.684041236992517,
0.682921784975793,
0.678413686238149,
0.673481377917948,
0.670168441425049,
0.66841038489919,
0.667509038038728,
0.666270572910044,
0.665485751006139,
0.664197203169914,
0.662994945085919,
0.660828749841894,
0.658468733632352,
0.656863712802915,
0.657248447912336,
0.659643198029491,
0.662575954755501,
0.665518241895055,
0.668266867419602,
0.671695640689033,
0.675723238675521,
0.679504606809322,
0.683678338002952,
0.687818446793406,
0.690443797677453,
0.69058326759431,
0.688877153768184,
0.685460286033886,
0.681202020000725,
0.675967836053484,
0.669725225548644,
0.664079934900259,
0.660848526237225,
0.659537682334547,
0.660172460652583,
0.661991409169744,
0.663704565311885,
0.66432103008642,
0.665581116205202,
0.66648894632016,
0.667438652702414,
0.669611168218242,
0.672576136087944,
0.673851791438758,
0.673570429052937,
0.671738453246223,
0.668957963627973,
0.66624315760668,
0.66567728754516,
0.667017269544308,
0.6677418778555,
0.668189920532785,
0.66797625027024,
0.668036717761157,
0.667935997136626,
0.667214906295786,
0.665779470428884,
0.664310628102804,
0.662587637354157,
0.659971284137226,
0.657653340759682,
0.654035869103531,
0.651650516240484,
0.651997108812647,
0.653264272050758,
0.656892016194773,
0.662492229523734,
0.669405753026466,
0.675156513534665,
0.67992667024785,
0.683177223286255,
0.68537737070051,
0.687003428729877,
0.687767735374489,
0.687871216944717,
0.686071661640299,
0.682692138783422,
0.678535783088566,
0.676765436419904,
0.676102698437208,
0.674667723175215,
0.670962941784818,
0.665881607833932,
0.660068704160903,
0.655666339925262,
0.652431837409503,
0.651346702759632,
0.651915282282505,
0.654247158632907,
0.656648502783795,
0.660204616436761,
0.664736911336703,
0.67017596832606,
0.675400394314783,
0.680573852510396,
0.684460942005518,
0.687288557337548,
0.689443541928815,
0.690150435427963,
0.689524415812389,
0.687103916285425,
0.683077858120935,
0.681245116815088,
0.682479740345146,
0.68498683418238,
0.687485113518345,
0.688032005841392,
0.686469327635574,
0.683568146311938,
0.680668312382652,
0.677200450270551,
0.673729425575096,
0.670909131053406,
0.669076624377597,
0.668052027961229,
0.66901572756777,
0.670555037017375,
0.671870190293922,
0.673055847767971,
0.673209970661549,
0.672344737339494,
0.672435976906262,
0.672557400045934,
0.670726084302825,
0.668892785123217,
0.666377034373947,
0.664549275558121,
0.664423429272264,
0.66668760406336,
0.670683743489712,
0.675365453241438,
0.679778898312025,
0.683433345925795,
0.686658441122733,
0.689067037850062,
0.688950456989358,
0.685864995795959,
0.680977439150149,
0.67644439653679,
0.673595817962982,
0.671808114503024,
0.670667769004338,
0.670334193866569,
0.67042414289694,
0.670561453863362,
0.671170498416531,
0.672079218107818,
0.673539886639322,
0.675705802373625,
0.676535937032555,
0.675274360439356,
0.672851919820221,
0.670909014140874,
0.670063175585146,
0.668925792247261,
0.668475175970015,
0.668872652796198,
0.670044611417334,
0.672847870541234,
0.676156026552153,
0.679055419985273,
0.679812632703371,
0.681678888014149,
0.683949169895581,
0.685287854411703,
0.685472390281409,
0.686206011293712,
0.68654119977104,
0.686860655869426,
0.686804586586921,
0.687953803967705,
0.689497279565025,
0.690793336684313,
0.691377083795697,
0.690879368676803,
0.689013016912699,
0.685469962754617,
0.683047032334042,
0.681363030860394,
0.680819422838905,
0.681750590647368,
0.681050566819187,
0.67912545663313,
0.677208523865293,
0.676165055534967,
0.677563366909002,
0.679034123043854,
0.680351462267591,
0.679479629688707,
0.67608263739335,
0.671258321487736,
0.667564008007698,
0.666185218611357,
0.666892454207329,
0.668609775071814,
0.669952657804155,
0.672259037235527,
0.675000791796595,
0.67703228453583,
0.678717597868623,
0.67990972811043,
0.681405588494557,
0.68224369785895,
0.681608513215584,
0.679678668670569,
0.676119518151142,
0.672276698464504,
0.670028144956529,
0.669360161765523,
0.670202298718697,
0.670884797110646,
0.670378755096314,
0.669358520879266,
0.668429981057886,
0.668497299868408,
0.670747881473823,
0.676315873433871,
0.681998228237245,
0.685762981756561,
0.688074959640297,
0.687823717513932,
0.68593729191773,
0.683706086826044,
0.681493750916677,
0.678996059156905,
0.676618128921078,
0.674844319388838,
0.672678657927938,
0.66970028156804,
0.666501298127787,
0.66383798209014,
0.661566275682116,
0.65970527703027,
0.659271636200981,
0.661655421253188,
0.664724846248842,
0.667235279816754,
0.669738990612198,
0.672442173568567,
0.674914987671475,
0.6761791834283,
0.675685355546533,
0.674105040895415,
0.672460390976173,
0.671137835675304,
0.670118068033602,
0.669513945507657,
0.669451842801268,
0.670039602624714,
0.671510862007448,
0.674222923180159,
0.678760716565778,
0.683400830636619,
0.686827083770819,
0.688549601428261,
0.687829786963137,
0.686897436369352,
0.686748969125122,
0.686920315673812,
0.686673961610378,
0.61]
